1104
1218
1225
1227
1240
1260
1269
1271
1293
1312
1314
1321
1336
1343
1402
1410
1416
1419
1441
1444
1447
1457
1467
1472
1503
1512
1536
1563
1570
1585
1592
1594
1598
1602
1611
1613
1618
1701
1709
1715
1742
1762
1776
1780
1905
1907
2022
2027
2071
2072
2102
2201
2204
2230
2237
2245
2246
2248
2249
2252
2255
2256
2302
2311
2312
2317
2321
2323
2324
2325
2338
2342
2348
2349
2358
2371
2373
2392
2399
2402
2415
2433
2444
2461
2466
2467
2491
2501
2514
2534
2599
2601
2613
2614
2615
2616
2645
2724
2730
2733
2734
2741
2750
2758
2761
2801
2823
2833
2838
2841
2845
2856
2867
2880
2881
2882
2883
2885
2886
2887
2888
2889
2890
2891
2892
2903
2904
2905
2924
2928
2938
2941
2942
2945
2948
3003
3005
3018
3028
3036
3051
3064
3067
3078
3089
3097
3117
3135
3150
3158
3168
3176
3184
3191
3202
3205
3224
3232
3260
3308
3332
3383
3390
3402
3430
3466
3481
3484
3485
3498
3536
3545
3576
3585
3593
3595
3603
3607
3627
3629
3633
3642
3659
3661
3664
3665
3672
3673
3678
3680
3701
4114
4117
4130
4132
4136
4142
4150
4151
4155
4166
4168
4169
4172
4186
4190
4194
4195
4197
4304
4306
4414
4426
4431
4441
4530
4537
4544
4546
4553
4557
4559
4565
4571
4573
4575
4578
4582
4706
4712
4720
4732
4738
4745
4749
4763
4765
4771
4803
4804
4806
4905
4908
4912
4925
4931
4943
4946
4980
4991
5202
5215
5233
5240
5248
5262
5266
5267
5271
5277
5287
5292
5297
5321
5324
5351
5364
5381
5387
5392
5398
5432
5450
5469
5475
5484
5498
5530
5538
5543
5547
5820
5859
5863
5880
5907
6005
6027
6028
6108
6111
6118
6124
6130
6133
6140
6165
6166
6167
6168
6179
6217
6219
6222
6230
6234
6240
6241
6246
6247
6264
6270
6272
6289
6403
6404
6407
6411
6419
6423
6425
6428
6434
6441
6443
6449
6468
6473
6474
6492
6493
6495
6497
6498
6509
6518
6534
6536
6539
6543
6545
6547
6549
6555
6559
6562
6564
6565
6566
6572
6573
6575
6580
6583
6586
6594
6595
6597
6599
6609
6610
6616
6617
6618
6620
6621
6622
6626
6634
6637
6638
6639
6645
6648
6650
6652
6662
6664
6665
6673
6676
6677
6682
6689
6696
6699
6703
6705
6708
6709
6712
6717
6720
6721
6723
6724
6729
6730
6731
6734
6737
6738
6739
6742
6743
6744
6748
6750
6753
6755
6757
6758
6764
6771
6775
6780
6784
6786
6787
6793
6794
6797
6808
6810
6812
6813
6814
6815
6816
6817
6818
6819
6820
6821
6823
6825
6826
6827
6831
6832
6833
6837
6838
6839
6842
6843
6844
6847
6848
6850
6856
6857
6858
6864
6868
6869
6870
6875
6878
6879
7419
7427
7443
7452
7507
7516
7530
7547
7551
7555
7558
7561
7566
7584
7590
7595
8033
8041
8044
8045
8071
8074
8087
8097
8101
8114
8115
8119
8179
8287
8298
8329
8349
8359
8383
8390
8418
8421
8422
8424
8431
8433
8442
8443
8444
8455
8458
8465
8467
8472
8476
8480
8487
8490
8491
8492
8908
8927
8932
8936
9904
9908
9925
9928
9950
9955
9957
9958
